1 0.078125 0.221875 0.1234375 0.2890625
1 0.2890625 0.22109375 0.1265625 0.290625
1 0.50078125 0.221875 0.1234375 0.2921875
1 0.71328125 0.221875 0.125 0.2921875
1 0.92578125 0.2203125 0.125 0.2890625
1 0.07734375 0.52109375 0.121875 0.2890625
1 0.2859375 0.52265625 0.121875 0.290625
1 0.5 0.521875 0.125 0.290625
1 0.7125 0.525 0.125 0.2890625
1 0.925 0.5234375 0.125 0.2921875
1 0.07578125 0.8203125 0.125 0.290625
1 0.28828125 0.8203125 0.1203125 0.290625
1 0.49921875 0.821875 0.1265625 0.290625
1 0.7109375 0.8203125 0.1265625 0.290625
1 0.92265625 0.821875 0.1234375 0.2875