1 0.13984375 0.165625 0.1234375 0.2125
1 0.33125 0.16171875 0.11875 0.215625
1 0.51015625 0.159375 0.11875 0.215625
1 0.69140625 0.16171875 0.1125 0.2109375
1 0.87109375 0.16328125 0.125 0.215625
1 0.86875 0.39140625 0.1203125 0.215625
1 0.69609375 0.39140625 0.1 0.209375
1 0.5125 0.3890625 0.13125 0.2140625
1 0.328125 0.38828125 0.125 0.2125
1 0.14140625 0.38828125 0.1265625 0.209375
1 0.13984375 0.61484375 0.1265625 0.2078125
1 0.14140625 0.84296875 0.1203125 0.215625
1 0.32890625 0.6125 0.115625 0.2125
1 0.328125 0.840625 0.1078125 0.2109375
1 0.509375 0.8390625 0.115625 0.2109375
1 0.69296875 0.83828125 0.11875 0.2125
1 0.875 0.8421875 0.1328125 0.215625
1 0.8703125 0.6125 0.115625 0.2125
1 0.69453125 0.61328125 0.1140625 0.2109375
1 0.51015625 0.6140625 0.125 0.215625